"ohio" <-
structure(list(fips = as.integer(c(39001, 39001, 39001, 39001, 
39001, 39001, 39001, 39001, 39001, 39001, 39001, 39001, 39001, 
39001, 39001, 39001, 39003, 39003, 39003, 39003, 39003, 39003, 
39003, 39003, 39003, 39003, 39003, 39003, 39003, 39003, 39003, 
39003, 39005, 39005, 39005, 39005, 39005, 39005, 39005, 39005, 
39005, 39005, 39005, 39005, 39005, 39005, 39005, 39005, 39007, 
39007, 39007, 39007, 39007, 39007, 39007, 39007, 39007, 39007, 
39007, 39007, 39007, 39007, 39007, 39007, 39009, 39009, 39009, 
39009, 39009, 39009, 39009, 39009, 39009, 39009, 39009, 39009, 
39009, 39009, 39009, 39009, 39011, 39011, 39011, 39011, 39011, 
39011, 39011, 39011, 39011, 39011, 39011, 39011, 39011, 39011, 
39011, 39011, 39013, 39013, 39013, 39013, 39013, 39013, 39013, 
39013, 39013, 39013, 39013, 39013, 39013, 39013, 39013, 39013, 
39015, 39015, 39015, 39015, 39015, 39015, 39015, 39015, 39015, 
39015, 39015, 39015, 39015, 39015, 39015, 39015, 39017, 39017, 
39017, 39017, 39017, 39017, 39017, 39017, 39017, 39017, 39017, 
39017, 39017, 39017, 39017, 39017, 39019, 39019, 39019, 39019, 
39019, 39019, 39019, 39019, 39019, 39019, 39019, 39019, 39019, 
39019, 39019, 39019, 39021, 39021, 39021, 39021, 39021, 39021, 
39021, 39021, 39021, 39021, 39021, 39021, 39021, 39021, 39021, 
39021, 39023, 39023, 39023, 39023, 39023, 39023, 39023, 39023, 
39023, 39023, 39023, 39023, 39023, 39023, 39023, 39023, 39025, 
39025, 39025, 39025, 39025, 39025, 39025, 39025, 39025, 39025, 
39025, 39025, 39025, 39025, 39025, 39025, 39027, 39027, 39027, 
39027, 39027, 39027, 39027, 39027, 39027, 39027, 39027, 39027, 
39027, 39027, 39027, 39027, 39029, 39029, 39029, 39029, 39029, 
39029, 39029, 39029, 39029, 39029, 39029, 39029, 39029, 39029, 
39029, 39029, 39031, 39031, 39031, 39031, 39031, 39031, 39031, 
39031, 39031, 39031, 39031, 39031, 39031, 39031, 39031, 39031, 
39033, 39033, 39033, 39033, 39033, 39033, 39033, 39033, 39033, 
39033, 39033, 39033, 39033, 39033, 39033, 39033, 39035, 39035, 
39035, 39035, 39035, 39035, 39035, 39035, 39035, 39035, 39035, 
39035, 39035, 39035, 39035, 39035, 39037, 39037, 39037, 39037, 
39037, 39037, 39037, 39037, 39037, 39037, 39037, 39037, 39037, 
39037, 39037, 39037, 39039, 39039, 39039, 39039, 39039, 39039, 
39039, 39039, 39039, 39039, 39039, 39039, 39039, 39039, 39039, 
39039, 39041, 39041, 39041, 39041, 39041, 39041, 39041, 39041, 
39041, 39041, 39041, 39041, 39041, 39041, 39041, 39041, 39043, 
39043, 39043, 39043, 39043, 39043, 39043, 39043, 39043, 39043, 
39043, 39043, 39043, 39043, 39043, 39043, 39045, 39045, 39045, 
39045, 39045, 39045, 39045, 39045, 39045, 39045, 39045, 39045, 
39045, 39045, 39045, 39045, 39047, 39047, 39047, 39047, 39047, 
39047, 39047, 39047, 39047, 39047, 39047, 39047, 39047, 39047, 
39047, 39047, 39049, 39049, 39049, 39049, 39049, 39049, 39049, 
39049, 39049, 39049, 39049, 39049, 39049, 39049, 39049, 39049, 
39051, 39051, 39051, 39051, 39051, 39051, 39051, 39051, 39051, 
39051, 39051, 39051, 39051, 39051, 39051, 39051, 39053, 39053, 
39053, 39053, 39053, 39053, 39053, 39053, 39053, 39053, 39053, 
39053, 39053, 39053, 39053, 39053, 39055, 39055, 39055, 39055, 
39055, 39055, 39055, 39055, 39055, 39055, 39055, 39055, 39055, 
39055, 39055, 39055, 39057, 39057, 39057, 39057, 39057, 39057, 
39057, 39057, 39057, 39057, 39057, 39057, 39057, 39057, 39057, 
39057, 39059, 39059, 39059, 39059, 39059, 39059, 39059, 39059, 
39059, 39059, 39059, 39059, 39059, 39059, 39059, 39059, 39061, 
39061, 39061, 39061, 39061, 39061, 39061, 39061, 39061, 39061, 
39061, 39061, 39061, 39061, 39061, 39061, 39063, 39063, 39063, 
39063, 39063, 39063, 39063, 39063, 39063, 39063, 39063, 39063, 
39063, 39063, 39063, 39063, 39065, 39065, 39065, 39065, 39065, 
39065, 39065, 39065, 39065, 39065, 39065, 39065, 39065, 39065, 
39065, 39065, 39067, 39067, 39067, 39067, 39067, 39067, 39067, 
39067, 39067, 39067, 39067, 39067, 39067, 39067, 39067, 39067, 
39069, 39069, 39069, 39069, 39069, 39069, 39069, 39069, 39069, 
39069, 39069, 39069, 39069, 39069, 39069, 39069, 39071, 39071, 
39071, 39071, 39071, 39071, 39071, 39071, 39071, 39071, 39071, 
39071, 39071, 39071, 39071, 39071, 39073, 39073, 39073, 39073, 
39073, 39073, 39073, 39073, 39073, 39073, 39073, 39073, 39073, 
39073, 39073, 39073, 39075, 39075, 39075, 39075, 39075, 39075, 
39075, 39075, 39075, 39075, 39075, 39075, 39075, 39075, 39075, 
39075, 39077, 39077, 39077, 39077, 39077, 39077, 39077, 39077, 
39077, 39077, 39077, 39077, 39077, 39077, 39077, 39077, 39079, 
39079, 39079, 39079, 39079, 39079, 39079, 39079, 39079, 39079, 
39079, 39079, 39079, 39079, 39079, 39079, 39081, 39081, 39081, 
39081, 39081, 39081, 39081, 39081, 39081, 39081, 39081, 39081, 
39081, 39081, 39081, 39081, 39083, 39083, 39083, 39083, 39083, 
39083, 39083, 39083, 39083, 39083, 39083, 39083, 39083, 39083, 
39083, 39083, 39085, 39085, 39085, 39085, 39085, 39085, 39085, 
39085, 39085, 39085, 39085, 39085, 39085, 39085, 39085, 39085, 
39087, 39087, 39087, 39087, 39087, 39087, 39087, 39087, 39087, 
39087, 39087, 39087, 39087, 39087, 39087, 39087, 39089, 39089, 
39089, 39089, 39089, 39089, 39089, 39089, 39089, 39089, 39089, 
39089, 39089, 39089, 39089, 39089, 39091, 39091, 39091, 39091, 
39091, 39091, 39091, 39091, 39091, 39091, 39091, 39091, 39091, 
39091, 39091, 39091, 39093, 39093, 39093, 39093, 39093, 39093, 
39093, 39093, 39093, 39093, 39093, 39093, 39093, 39093, 39093, 
39093, 39095, 39095, 39095, 39095, 39095, 39095, 39095, 39095, 
39095, 39095, 39095, 39095, 39095, 39095, 39095, 39095, 39097, 
39097, 39097, 39097, 39097, 39097, 39097, 39097, 39097, 39097, 
39097, 39097, 39097, 39097, 39097, 39097, 39099, 39099, 39099, 
39099, 39099, 39099, 39099, 39099, 39099, 39099, 39099, 39099, 
39099, 39099, 39099, 39099, 39101, 39101, 39101, 39101, 39101, 
39101, 39101, 39101, 39101, 39101, 39101, 39101, 39101, 39101, 
39101, 39101, 39103, 39103, 39103, 39103, 39103, 39103, 39103, 
39103, 39103, 39103, 39103, 39103, 39103, 39103, 39103, 39103, 
39105, 39105, 39105, 39105, 39105, 39105, 39105, 39105, 39105, 
39105, 39105, 39105, 39105, 39105, 39105, 39105, 39107, 39107, 
39107, 39107, 39107, 39107, 39107, 39107, 39107, 39107, 39107, 
39107, 39107, 39107, 39107, 39107, 39109, 39109, 39109, 39109, 
39109, 39109, 39109, 39109, 39109, 39109, 39109, 39109, 39109, 
39109, 39109, 39109, 39111, 39111, 39111, 39111, 39111, 39111, 
39111, 39111, 39111, 39111, 39111, 39111, 39111, 39111, 39111, 
39111, 39113, 39113, 39113, 39113, 39113, 39113, 39113, 39113, 
39113, 39113, 39113, 39113, 39113, 39113, 39113, 39113, 39115, 
39115, 39115, 39115, 39115, 39115, 39115, 39115, 39115, 39115, 
39115, 39115, 39115, 39115, 39115, 39115, 39117, 39117, 39117, 
39117, 39117, 39117, 39117, 39117, 39117, 39117, 39117, 39117, 
39117, 39117, 39117, 39117, 39119, 39119, 39119, 39119, 39119, 
39119, 39119, 39119, 39119, 39119, 39119, 39119, 39119, 39119, 
39119, 39119, 39121, 39121, 39121, 39121, 39121, 39121, 39121, 
39121, 39121, 39121, 39121, 39121, 39121, 39121, 39121, 39121, 
39123, 39123, 39123, 39123, 39123, 39123, 39123, 39123, 39123, 
39123, 39123, 39123, 39123, 39123, 39123, 39123, 39125, 39125, 
39125, 39125, 39125, 39125, 39125, 39125, 39125, 39125, 39125, 
39125, 39125, 39125, 39125, 39125, 39127, 39127, 39127, 39127, 
39127, 39127, 39127, 39127, 39127, 39127, 39127, 39127, 39127, 
39127, 39127, 39127, 39129, 39129, 39129, 39129, 39129, 39129, 
39129, 39129, 39129, 39129, 39129, 39129, 39129, 39129, 39129, 
39129, 39131, 39131, 39131, 39131, 39131, 39131, 39131, 39131, 
39131, 39131, 39131, 39131, 39131, 39131, 39131, 39131, 39133, 
39133, 39133, 39133, 39133, 39133, 39133, 39133, 39133, 39133, 
39133, 39133, 39133, 39133, 39133, 39133, 39135, 39135, 39135, 
39135, 39135, 39135, 39135, 39135, 39135, 39135, 39135, 39135, 
39135, 39135, 39135, 39135, 39137, 39137, 39137, 39137, 39137, 
39137, 39137, 39137, 39137, 39137, 39137, 39137, 39137, 39137, 
39137, 39137, 39139, 39139, 39139, 39139, 39139, 39139, 39139, 
